<?xml version="1.0" encoding="utf-8"?>
<COLLADA xmlns="http://www.collada.org/2005/11/COLLADASchema" version="1.4.1">
  <asset>
    <contributor>
      <author>Mixamo</author>
      <authoring_tool>COLLADA Mixamo exporter</authoring_tool>
      <comments/>
    </contributor>
    <created>2024-03-21T17:42:42Z</created>
    <modified>2024-03-21T17:42:42Z</modified>
    <revision/>
    <title/>
    <unit meter="0.010000"/>
    <up_axis>Y_UP</up_axis>
  </asset>
  <library_animations>
    <animation id="mixamorig_Hips-anim" name="mixamorig_Hips">
      <source id="mixamorig_Hips-Matrix-animation-input">
        <float_array id="mixamorig_Hips-Matrix-animation-input-array" count="135">

0.000000 0.033333 0.066667 0.100000 0.133333 0.166667 0.200000 0.233333 0.266667 0.300000 0.333333 0.366667 0.400000 0.433333 0.466667 0.500000
0.533333 0.566667 0.600000 0.633333 0.666667 0.700000 0.733333 0.766667 0.800000 0.833333 0.866667 0.900000 0.933333 0.966667 1.000000 1.033333
1.066667 1.100000 1.133333 1.166667 1.200000 1.233333 1.266667 1.300000 1.333333 1.366667 1.400000 1.433333 1.466667 1.500000 1.533333 1.566667
1.600000 1.633333 1.666667 1.700000 1.733333 1.766667 1.800000 1.833333 1.866667 1.900000 1.933333 1.966667 2.000000 2.033333 2.066667 2.100000
2.133333 2.166667 2.200000 2.233333 2.266667 2.300000 2.333333 2.366667 2.400000 2.433333 2.466667 2.500000 2.533333 2.566667 2.600000 2.633333
2.666667 2.700000 2.733333 2.766667 2.800000 2.833333 2.866667 2.900000 2.933333 2.966667 3.000000 3.033333 3.066667 3.100000 3.133333 3.166667
3.200000 3.233333 3.266667 3.300000 3.333333 3.366667 3.400000 3.433333 3.466667 3.500000 3.533333 3.566667 3.600000 3.633333 3.666667 3.700000
3.733333 3.766667 3.800000 3.833333 3.866667 3.900000 3.933333 3.966667 4.000000 4.033333 4.066667 4.100000 4.133333 4.166667 4.200000 4.233333
4.266667 4.300000 4.333333 4.366667 4.400000 4.433333 4.466667</float_array>
        <technique_common>
          <accessor source="#mixamorig_Hips-Matrix-animation-input-array" count="135">
            <param name="TIME" type="float"/>
          </accessor>
        </technique_common>
      </source>
      <source id="mixamorig_Hips-Matrix-animation-output-transform">
        <float_array id="mixamorig_Hips-Matrix-animation-output-transform-array" count="2160">

0.976840 0.181049 0.114039 -23.282156 -0.145580 0.952947 -0.265890 82.446945 -0.156812 0.243131 0.957234 -1.779215 0.000000 0.000000 0.000000 1.000000
0.973345 0.189963 0.128510 -22.878273 -0.146897 0.946674 -0.286756 81.795120 -0.176130 0.260235 0.949345 -1.705026 0.000000 0.000000 0.000000 1.000000
0.965424 0.200067 0.167124 -22.368292 -0.148059 0.948472 -0.280141 80.435905 -0.214559 0.245710 0.945299 -1.965353 0.000000 0.000000 0.000000 1.000000
0.955435 0.206752 0.210706 -21.369940 -0.152975 0.957224 -0.245602 78.263496 -0.252472 0.202424 0.946194 -1.707569 0.000000 0.000000 0.000000 1.000000
0.951857 0.223083 0.210244 -19.827721 -0.179213 0.961408 -0.208754 76.949013 -0.248700 0.161026 0.955102 -1.269561 0.000000 0.000000 0.000000 1.000000
0.957726 0.231080 0.171356 -17.875683 -0.200261 0.963148 -0.179559 77.323074 -0.206534 0.137652 0.968708 -1.127285 0.000000 0.000000 0.000000 1.000000
0.967949 0.213847 0.131695 -15.996068 -0.191740 0.967912 -0.162424 79.459908 -0.162203 0.131967 0.977893 -0.763384 0.000000 0.000000 0.000000 1.000000
0.978804 0.174786 0.106739 -14.216384 -0.157843 0.975908 -0.150630 82.630074 -0.130495 0.130589 0.982811 0.375901 0.000000 0.000000 0.000000 1.000000
0.989786 0.124362 0.069704 -12.139204 -0.114068 0.984113 -0.136049 86.439270 -0.085516 0.126708 0.988247 1.922382 0.000000 0.000000 0.000000 1.000000
0.996895 0.078569 0.005156 -9.763700 -0.077329 0.989284 -0.123843 89.782349 -0.014831 0.123060 0.992288 3.438220 0.000000 0.000000 0.000000 1.000000
0.997427 0.043911 -0.056673 -6.877186 -0.050692 0.990942 -0.124355 91.816414 0.050699 0.126908 0.990618 4.608616 0.000000 0.000000 0.000000 1.000000
0.995968 0.020943 -0.087234 -3.398139 -0.032799 0.990059 -0.136776 92.981766 0.083502 0.139085 0.986754 5.463401 0.000000 0.000000 0.000000 1.000000
0.996303 0.005937 -0.085704 -0.042238 -0.018994 0.988144 -0.152352 93.445518 0.083783 0.153416 0.984603 5.998604 0.000000 0.000000 0.000000 1.000000
0.997775 -0.003225 -0.066597 3.132691 -0.007802 0.986321 -0.164651 93.168419 0.066217 0.164804 0.984101 6.128473 0.000000 0.000000 0.000000 1.000000
0.998781 -0.011203 -0.048067 6.428015 0.002642 0.984635 -0.174604 92.432610 0.049285 0.174264 0.983465 5.968736 0.000000 0.000000 0.000000 1.000000
0.998688 -0.016724 -0.048402 9.748189 0.007391 0.982346 -0.186929 91.168076 0.050674 0.186326 0.981180 5.757527 0.000000 0.000000 0.000000 1.000000
0.997003 -0.014852 -0.075929 12.769830 -0.000785 0.979408 -0.201888 89.673508 0.077364 0.201343 0.976461 5.356758 0.000000 0.000000 0.000000 1.000000
0.992877 -0.015080 -0.118184 15.429142 -0.010822 0.976442 -0.215508 87.460510 0.118649 0.215252 0.969324 4.530953 0.000000 0.000000 0.000000 1.000000
0.988225 -0.030297 -0.149978 17.704529 -0.004146 0.974539 -0.224181 84.619583 0.152952 0.222163 0.962938 3.306914 0.000000 0.000000 0.000000 1.000000
0.986761 -0.059806 -0.150752 19.533079 0.024948 0.974436 -0.223276 81.609947 0.160252 0.216559 0.963027 2.065733 0.000000 0.000000 0.000000 1.000000
0.988789 -0.087068 -0.121308 21.474640 0.060580 0.976453 -0.207051 79.619934 0.136479 0.197381 0.970780 0.927647 0.000000 0.000000 0.000000 1.000000
0.991230 -0.104514 -0.080873 23.348810 0.088856 0.980097 -0.177526 78.678528 0.097817 0.168783 0.980787 -0.131648 0.000000 0.000000 0.000000 1.000000
0.991837 -0.117169 -0.050312 24.983183 0.108385 0.982506 -0.151440 78.190025 0.067176 0.144751 0.987185 -1.186943 0.000000 0.000000 0.000000 1.000000
0.990881 -0.130961 -0.031683 26.312693 0.124831 0.980780 -0.149960 78.208130 0.050713 0.144637 0.988184 -2.039472 0.000000 0.000000 0.000000 1.000000
0.988568 -0.149833 -0.016834 27.204435 0.144388 0.972920 -0.180493 78.804039 0.043422 0.175999 0.983432 -2.518060 0.000000 0.000000 0.000000 1.000000
0.985782 -0.167714 -0.010296 27.651478 0.160682 0.958828 -0.234159 79.702515 0.049144 0.229175 0.972144 -2.797091 0.000000 0.000000 0.000000 1.000000
0.983854 -0.177218 -0.025009 27.670504 0.162166 0.941831 -0.294373 80.768501 0.075722 0.285565 0.955363 -3.063746 0.000000 0.000000 0.000000 1.000000
0.982874 -0.174106 -0.060385 27.242929 0.143187 0.927806 -0.344490 81.943184 0.116003 0.329943 0.936846 -3.196898 0.000000 0.000000 0.000000 1.000000
0.981768 -0.166396 -0.091889 26.703194 0.120690 0.919154 -0.374952 83.043076 0.146851 0.357026 0.922479 -3.054992 0.000000 0.000000 0.000000 1.000000
0.982596 -0.157508 -0.098472 26.287569 0.107932 0.915550 -0.387452 83.555473 0.151183 0.370080 0.916616 -2.827312 0.000000 0.000000 0.000000 1.000000
0.985397 -0.144761 -0.089649 26.014668 0.099093 0.915708 -0.389434 83.587112 0.138467 0.374864 0.916681 -2.635398 0.000000 0.000000 0.000000 1.000000
0.988290 -0.126870 -0.084771 25.622192 0.084833 0.918650 -0.385856 83.748497 0.126829 0.374147 0.918656 -2.397583 0.000000 0.000000 0.000000 1.000000
0.989858 -0.117324 -0.080098 24.913284 0.079146 0.923687 -0.374884 84.238930 0.117968 0.364743 0.923605 -2.007842 0.000000 0.000000 0.000000 1.000000
0.990738 -0.120155 -0.063247 24.214622 0.090660 0.932109 -0.350647 84.740997 0.101085 0.341665 0.934370 -1.433133 0.000000 0.000000 0.000000 1.000000
0.989006 -0.140436 -0.046321 24.505974 0.119456 0.943353 -0.309542 83.393402 0.087168 0.300605 0.949757 -1.107303 0.000000 0.000000 0.000000 1.000000
0.984128 -0.165513 -0.064012 24.988007 0.144122 0.955904 -0.255884 80.505577 0.103541 0.242597 0.964586 -0.888958 0.000000 0.000000 0.000000 1.000000
0.975003 -0.185193 -0.122771 24.580587 0.158466 0.966893 -0.200018 77.811134 0.155749 0.175563 0.972070 -0.573590 0.000000 0.000000 0.000000 1.000000
0.962328 -0.202251 -0.181713 23.274923 0.176325 0.972968 -0.149144 76.598213 0.206965 0.111485 0.971976 0.118124 0.000000 0.000000 0.000000 1.000000
0.958431 -0.205669 -0.197763 21.452999 0.187316 0.976387 -0.107616 76.311813 0.215227 0.066098 0.974325 1.279720 0.000000 0.000000 0.000000 1.000000
0.967571 -0.189162 -0.167402 19.291162 0.177250 0.980610 -0.083585 76.959938 0.179967 0.051202 0.982339 2.401995 0.000000 0.000000 0.000000 1.000000
0.980371 -0.157878 -0.118100 17.006159 0.148378 0.985239 -0.085365 78.697693 0.129834 0.066166 0.989326 3.483557 0.000000 0.000000 0.000000 1.000000
0.989824 -0.121141 -0.074661 14.633917 0.112917 0.987938 -0.105968 81.397766 0.086598 0.096459 0.991563 4.613481 0.000000 0.000000 0.000000 1.000000
0.995689 -0.084159 -0.038989 12.086746 0.078799 0.989271 -0.123020 84.937004 0.048924 0.119418 0.991638 5.703538 0.000000 0.000000 0.000000 1.000000
0.998676 -0.051449 0.000124 9.576452 0.051047 0.990571 -0.127138 88.195129 0.006418 0.126976 0.991885 6.671108 0.000000 0.000000 0.000000 1.000000
0.998540 -0.033614 0.042278 7.038356 0.038705 0.991273 -0.126012 90.556175 -0.037673 0.127464 0.991127 7.518758 0.000000 0.000000 0.000000 1.000000
0.997181 -0.025960 0.070403 4.364625 0.034903 0.991038 -0.128942 91.657257 -0.066425 0.131036 0.989150 8.156987 0.000000 0.000000 0.000000 1.000000
0.997235 -0.013941 0.072987 1.694781 0.023894 0.990239 -0.137317 91.706238 -0.070360 0.138681 0.987834 8.578469 0.000000 0.000000 0.000000 1.000000
0.997952 -0.000562 0.063967 -1.414591 0.009940 0.989178 -0.146381 91.278816 -0.063192 0.146718 0.987158 8.675806 0.000000 0.000000 0.000000 1.000000
0.997682 0.010402 0.067248 -4.681006 -0.000020 0.988290 -0.152584 90.695511 -0.068048 0.152229 0.986000 8.428063 0.000000 0.000000 0.000000 1.000000
0.995514 0.013655 0.093623 -8.160720 0.000884 0.988146 -0.153514 90.026787 -0.094610 0.152908 0.983701 7.862214 0.000000 0.000000 0.000000 1.000000
0.990723 0.009092 0.135593 -11.644734 0.010921 0.989206 -0.146123 89.218849 -0.135458 0.146248 0.979930 7.002946 0.000000 0.000000 0.000000 1.000000
0.983013 0.001438 0.183532 -14.804460 0.022715 0.991328 -0.129430 87.883362 -0.182126 0.131400 0.974456 5.927336 0.000000 0.000000 0.000000 1.000000
0.972579 0.003639 0.232545 -17.439522 0.022448 0.993740 -0.109435 85.798782 -0.231487 0.111655 0.966409 4.807969 0.000000 0.000000 0.000000 1.000000
0.961410 0.026015 0.273888 -19.801104 0.000857 0.995231 -0.097537 83.097961 -0.275120 0.094008 0.956803 3.760822 0.000000 0.000000 0.000000 1.000000
0.954280 0.068992 0.290845 -22.009140 -0.040408 0.993842 -0.103172 80.323479 -0.296172 0.086703 0.951191 2.871457 0.000000 0.000000 0.000000 1.000000
0.954151 0.123494 0.272663 -24.133442 -0.091254 0.987572 -0.127960 77.988068 -0.285077 0.097211 0.953562 2.113498 0.000000 0.000000 0.000000 1.000000
0.957873 0.175912 0.227012 -26.043343 -0.139785 0.976076 -0.166542 76.608154 -0.250878 0.127794 0.959546 1.315770 0.000000 0.000000 0.000000 1.000000
0.960034 0.220663 0.172170 -27.605686 -0.182255 0.959731 -0.213774 76.624863 -0.212409 0.173852 0.961591 0.570602 0.000000 0.000000 0.000000 1.000000
0.957948 0.257743 0.126110 -28.667076 -0.217552 0.938963 -0.266494 77.897888 -0.187100 0.227852 0.955551 0.143165 0.000000 0.000000 0.000000 1.000000
0.951867 0.287965 0.104999 -29.211399 -0.241765 0.915945 -0.320303 79.520386 -0.188409 0.279501 0.941478 -0.180113 0.000000 0.000000 0.000000 1.000000
0.946922 0.300234 0.114880 -29.033096 -0.239512 0.897292 -0.370811 81.098602 -0.214411 0.323614 0.921576 -0.637234 0.000000 0.000000 0.000000 1.000000
0.944852 0.294264 0.143748 -28.399744 -0.212531 0.884892 -0.414484 81.867706 -0.249169 0.361075 0.898632 -1.022667 0.000000 0.000000 0.000000 1.000000
0.944829 0.283207 0.164594 -28.701366 -0.184801 0.875742 -0.446010 81.423752 -0.270455 0.390986 0.879764 -1.616827 0.000000 0.000000 0.000000 1.000000
0.951138 0.259655 0.167082 -29.225952 -0.158093 0.874350 -0.458823 81.517807 -0.265224 0.409990 0.872677 -2.113906 0.000000 0.000000 0.000000 1.000000
0.955646 0.244020 0.164906 -29.523853 -0.146458 0.879529 -0.452747 82.159897 -0.255519 0.408514 0.876257 -2.522234 0.000000 0.000000 0.000000 1.000000
0.953423 0.239737 0.183059 -29.446497 -0.139835 0.889025 -0.435983 83.153687 -0.267265 0.390079 0.881140 -2.787404 0.000000 0.000000 0.000000 1.000000
0.944504 0.237871 0.226561 -29.114960 -0.127803 0.901428 -0.413634 84.361511 -0.302620 0.361724 0.881803 -2.795799 0.000000 0.000000 0.000000 1.000000
0.932559 0.228096 0.279833 -28.832199 -0.108399 0.916269 -0.385618 85.661629 -0.344360 0.329277 0.879200 -2.498853 0.000000 0.000000 0.000000 1.000000
0.916118 0.227418 0.330164 -28.850491 -0.104684 0.930666 -0.350575 85.382919 -0.387000 0.286605 0.876407 -2.504485 0.000000 0.000000 0.000000 1.000000
0.895714 0.222731 0.384820 -28.634737 -0.101578 0.945103 -0.310584 83.390251 -0.432871 0.239106 0.869167 -2.469276 0.000000 0.000000 0.000000 1.000000
0.866677 0.227811 0.443817 -27.698162 -0.111025 0.955413 -0.273606 81.336418 -0.486358 0.187853 0.853327 -2.227434 0.000000 0.000000 0.000000 1.000000
0.839067 0.238631 0.488899 -26.149927 -0.129607 0.960471 -0.246368 80.528770 -0.528364 0.143354 0.836828 -1.642512 0.000000 0.000000 0.000000 1.000000
0.831422 0.239113 0.501560 -24.541126 -0.140876 0.963888 -0.225996 81.080460 -0.537486 0.117240 0.835083 -0.741288 0.000000 0.000000 0.000000 1.000000
0.848343 0.215953 0.483403 -22.947395 -0.132557 0.970588 -0.200966 82.921936 -0.512585 0.106409 0.852018 0.229228 0.000000 0.000000 0.000000 1.000000
0.880244 0.174674 0.441203 -21.235491 -0.110601 0.979699 -0.167206 85.499153 -0.461452 0.098384 0.881693 1.161400 0.000000 0.000000 0.000000 1.000000
0.917356 0.130915 0.375925 -19.397888 -0.085283 0.987082 -0.135634 88.125351 -0.388825 0.092365 0.916670 2.009375 0.000000 0.000000 0.000000 1.000000
0.952973 0.091298 0.288975 -17.335384 -0.058994 0.991187 -0.118605 89.780975 -0.297257 0.095979 0.949961 2.635548 0.000000 0.000000 0.000000 1.000000
0.978798 0.064663 0.194353 -14.880198 -0.042087 0.992107 -0.118123 89.495621 -0.200457 0.107439 0.973793 2.964580 0.000000 0.000000 0.000000 1.000000
0.991452 0.049234 0.120830 -11.957855 -0.033833 0.991409 -0.126349 88.529747 -0.126013 0.121181 0.984599 2.997560 0.000000 0.000000 0.000000 1.000000
0.995328 0.040732 0.087536 -9.243908 -0.028576 0.990312 -0.135890 88.188126 -0.092223 0.132754 0.986849 2.813997 0.000000 0.000000 0.000000 1.000000
0.995291 0.035430 0.090220 -6.635677 -0.021924 0.988966 -0.146510 88.431992 -0.094415 0.143842 0.985086 2.445134 0.000000 0.000000 0.000000 1.000000
0.993685 0.026195 0.109101 -3.936022 -0.008150 0.986648 -0.162662 88.905975 -0.111906 0.160745 0.980631 2.074824 0.000000 0.000000 0.000000 1.000000
0.992879 0.009500 0.118747 -1.250508 0.012801 0.982535 -0.185639 89.406715 -0.118436 0.185837 0.975417 1.719175 0.000000 0.000000 0.000000 1.000000
0.995078 -0.004391 0.098993 1.247134 0.025013 0.977798 -0.208053 89.488968 -0.095882 0.209505 0.973095 1.143987 0.000000 0.000000 0.000000 1.000000
0.998392 -0.019344 0.053286 3.429365 0.030471 0.975761 -0.216707 88.322533 -0.047802 0.217983 0.974781 0.130730 0.000000 0.000000 0.000000 1.000000
0.999107 -0.041502 0.007885 5.446683 0.042238 0.978228 -0.203188 85.805305 0.000720 0.203340 0.979108 -1.156500 0.000000 0.000000 0.000000 1.000000
0.997522 -0.068765 -0.014900 7.626793 0.065189 0.982931 -0.172041 82.722916 0.026476 0.170643 0.984977 -2.492136 0.000000 0.000000 0.000000 1.000000
0.995438 -0.094881 -0.010005 9.916942 0.092596 0.986049 -0.138322 80.017365 0.022989 0.136764 0.990337 -3.534122 0.000000 0.000000 0.000000 1.000000
0.993356 -0.114446 0.012088 12.136531 0.115076 0.986624 -0.115455 78.256386 0.001287 0.116079 0.993239 -4.266338 0.000000 0.000000 0.000000 1.000000
0.990659 -0.131401 0.036452 14.063981 0.134627 0.984975 -0.108169 77.411835 -0.021691 0.112066 0.993464 -4.803072 0.000000 0.000000 0.000000 1.000000
0.987441 -0.146521 0.059097 15.561257 0.152613 0.981348 -0.116897 77.739044 -0.040867 0.124448 0.991384 -4.964761 0.000000 0.000000 0.000000 1.000000
0.984117 -0.157565 0.081772 16.571493 0.167933 0.975649 -0.141093 78.959808 -0.057550 0.152584 0.986613 -4.815591 0.000000 0.000000 0.000000 1.000000
0.981788 -0.159456 0.103276 17.282944 0.175981 0.968135 -0.178173 80.244751 -0.071575 0.193103 0.978564 -4.827514 0.000000 0.000000 0.000000 1.000000
0.982961 -0.141656 0.117140 17.652416 0.164926 0.961051 -0.221768 80.740585 -0.081162 0.237309 0.968038 -5.037815 0.000000 0.000000 0.000000 1.000000
0.987054 -0.102484 0.123376 17.883245 0.131826 0.956545 -0.260083 80.223938 -0.091360 0.272980 0.957672 -5.251297 0.000000 0.000000 0.000000 1.000000
0.988762 -0.058263 0.137674 18.036184 0.095491 0.954717 -0.281776 79.742462 -0.115023 0.291756 0.949551 -5.136524 0.000000 0.000000 0.000000 1.000000
0.984608 -0.020823 0.173532 18.205923 0.070836 0.955219 -0.287296 79.988914 -0.159779 0.295166 0.941991 -4.722862 0.000000 0.000000 0.000000 1.000000
0.975292 0.003628 0.220889 18.330154 0.061237 0.956245 -0.286085 80.530586 -0.212262 0.292543 0.932396 -4.327208 0.000000 0.000000 0.000000 1.000000
0.966152 0.003622 0.257949 18.244951 0.072146 0.956209 -0.283653 81.674370 -0.247680 0.292662 0.923582 -3.873189 0.000000 0.000000 0.000000 1.000000
0.963340 -0.021001 0.267461 18.233189 0.097298 0.956408 -0.275349 82.636459 -0.250019 0.291278 0.923389 -3.333126 0.000000 0.000000 0.000000 1.000000
0.968716 -0.058660 0.241141 18.821558 0.121129 0.959823 -0.253116 82.140793 -0.216605 0.274407 0.936901 -2.923885 0.000000 0.000000 0.000000 1.000000
0.979518 -0.094810 0.177638 19.605148 0.132630 0.967585 -0.214916 80.258644 -0.151504 0.234074 0.960342 -2.579418 0.000000 0.000000 0.000000 1.000000
0.988848 -0.115246 0.094330 19.752766 0.129889 0.977248 -0.167676 77.449005 -0.072860 0.178058 0.981319 -2.244902 0.000000 0.000000 0.000000 1.000000
0.991067 -0.128207 0.036732 19.050665 0.131777 0.983768 -0.121801 75.177879 -0.020520 0.125554 0.991875 -1.686129 0.000000 0.000000 0.000000 1.000000
0.990012 -0.134716 0.041561 17.785294 0.137858 0.986767 -0.085364 74.137398 -0.029511 0.090241 0.995483 -0.756856 0.000000 0.000000 0.000000 1.000000
0.986585 -0.128920 0.100152 16.272383 0.135625 0.988737 -0.063281 74.426735 -0.090866 0.076015 0.992958 0.354259 0.000000 0.000000 0.000000 1.000000
0.980528 -0.107658 0.164238 14.721637 0.117833 0.991592 -0.053493 75.997314 -0.157098 0.071804 0.984969 1.472040 0.000000 0.000000 0.000000 1.000000
0.977947 -0.077260 0.194036 13.114615 0.088797 0.994719 -0.051466 78.752289 -0.189035 0.067561 0.979643 2.576976 0.000000 0.000000 0.000000 1.000000
0.979957 -0.040136 0.195125 11.504920 0.051804 0.997138 -0.055061 82.591194 -0.192357 0.064065 0.979232 3.699933 0.000000 0.000000 0.000000 1.000000
0.980232 -0.004165 0.197806 10.014392 0.017190 0.997791 -0.064174 86.736076 -0.197102 0.066306 0.978138 4.858094 0.000000 0.000000 0.000000 1.000000
0.975660 0.022703 0.218111 8.545449 -0.005371 0.996802 -0.079729 90.136192 -0.219223 0.076617 0.972662 5.966883 0.000000 0.000000 0.000000 1.000000
0.969216 0.042974 0.242432 6.824074 -0.018883 0.994724 -0.100835 91.910187 -0.245486 0.093153 0.964914 6.883546 0.000000 0.000000 0.000000 1.000000
0.967208 0.062711 0.246122 4.845492 -0.033626 0.992126 -0.120648 92.075844 -0.251750 0.108415 0.961701 7.426697 0.000000 0.000000 0.000000 1.000000
0.972754 0.081651 0.216985 2.733786 -0.054164 0.990068 -0.129740 91.543175 -0.225424 0.114452 0.967515 7.531268 0.000000 0.000000 0.000000 1.000000
0.982982 0.090403 0.159916 0.280734 -0.070167 0.989295 -0.127954 90.728149 -0.169772 0.114556 0.978803 7.347782 0.000000 0.000000 0.000000 1.000000
0.991526 0.085528 0.097782 -2.717232 -0.072908 0.989341 -0.126054 89.602554 -0.107521 0.117856 0.987193 7.170239 0.000000 0.000000 0.000000 1.000000
0.995347 0.070166 0.066033 -6.008087 -0.061016 0.989420 -0.131621 88.662933 -0.074570 0.126980 0.989098 6.951755 0.000000 0.000000 0.000000 1.000000
0.994910 0.056735 0.083282 -9.190934 -0.044747 0.989232 -0.139348 88.035706 -0.090291 0.134912 0.986735 6.451091 0.000000 0.000000 0.000000 1.000000
0.989052 0.051273 0.138376 -12.097047 -0.031634 0.989566 -0.140562 87.309258 -0.144139 0.134646 0.980354 5.560622 0.000000 0.000000 0.000000 1.000000
0.976880 0.056476 0.206194 -14.223856 -0.028926 0.990524 -0.134260 85.522781 -0.211823 0.125192 0.969256 4.367132 0.000000 0.000000 0.000000 1.000000
0.963346 0.058188 0.261876 -15.984994 -0.025511 0.991639 -0.126494 83.534164 -0.267047 0.115177 0.956776 3.163362 0.000000 0.000000 0.000000 1.000000
0.958822 0.065673 0.276312 -17.749647 -0.032414 0.991845 -0.123260 81.252319 -0.282153 0.109228 0.953131 2.291424 0.000000 0.000000 0.000000 1.000000
0.967651 0.083446 0.238094 -19.361984 -0.055230 0.990891 -0.122818 79.448174 -0.246174 0.105695 0.963445 1.496935 0.000000 0.000000 0.000000 1.000000
0.978470 0.114220 0.171900 -20.674980 -0.094002 0.988130 -0.121499 78.442459 -0.183737 0.102724 0.977593 0.611848 0.000000 0.000000 0.000000 1.000000
0.980908 0.152886 0.120188 -21.781456 -0.137873 0.982575 -0.124648 78.517166 -0.137151 0.105697 0.984895 -0.155700 0.000000 0.000000 0.000000 1.000000
0.976860 0.186465 0.104763 -22.625538 -0.170971 0.975089 -0.141315 79.708435 -0.128504 0.120134 0.984406 -0.640402 0.000000 0.000000 0.000000 1.000000
0.971598 0.206052 0.116363 -23.126165 -0.184552 0.967583 -0.172407 81.193176 -0.148116 0.146035 0.978129 -0.732495 0.000000 0.000000 0.000000 1.000000
0.969463 0.209248 0.127897 -23.317450 -0.179814 0.961135 -0.209491 81.736519 -0.166762 0.180096 0.969410 -0.570959 0.000000 0.000000 0.000000 1.000000
0.972161 0.202445 0.117976 -23.490515 -0.169867 0.955731 -0.240259 81.435234 -0.161393 0.213530 0.963513 -0.542802 0.000000 0.000000 0.000000 1.000000
0.976752 0.195014 0.089020 -23.837090 -0.166942 0.952469 -0.254819 80.898094 -0.134482 0.234034 0.962882 -0.855110 0.000000 0.000000 0.000000 1.000000
0.980615 0.184579 0.065768 -24.089184 -0.162393 0.953379 -0.254355 80.629692 -0.109651 0.238744 0.964872 -1.340712 0.000000 0.000000 0.000000 1.000000
0.981942 0.175744 0.070028 -24.172564 -0.153455 0.956410 -0.248458 80.870049 -0.110640 0.233226 0.966108 -1.775768 0.000000 0.000000 0.000000 1.000000
0.980794 0.171053 0.093728 -24.022411 -0.144597 0.960151 -0.239168 81.737808 -0.130903 0.221022 0.966444 -2.134779 0.000000 0.000000 0.000000 1.000000
0.978849 0.174251 0.107197 -23.659489 -0.144272 0.959440 -0.242200 82.513832 -0.145052 0.221612 0.964286 -2.053528 0.000000 0.000000 0.000000 1.000000
0.976840 0.181049 0.114039 -23.282154 -0.145580 0.952947 -0.265890 82.446930 -0.156812 0.243131 0.957234 -1.779217 0.000000 0.000000 0.000000 1.000000</float_array>
        <technique_common>
          <accessor source="#mixamorig_Hips-Matrix-animation-output-transform-array" count="135" stride="16">
            <param type="float4x4"/>
          </accessor>
        </technique_common>
      </source>
      <source id="mixamorig_Hips-Interpolations">
        <Name_array id="mixamorig_Hips-Interpolations-array" count="135">
 LINEAR LINEAR LINEAR LINEAR LINEAR LINEAR LINEAR LINEAR LINEAR LINEAR LINEAR
LINEAR LINEAR LINEAR LINEAR LINEAR LINEAR LINEAR LINEAR LINEAR LINEAR LINEAR LINEAR
LINEAR LINEAR LINEAR LINEAR LINEAR LINEAR LINEAR LINEAR LINEAR LINEAR LINEAR LINEAR
LINEAR LINEAR LINEAR LINEAR LINEAR LINEAR LINEAR LINEAR LINEAR LINEAR LINEAR LINEAR
LINEAR LINEAR LINEAR LINEAR LINEAR LINEAR LINEAR LINEAR LINEAR LINEAR LINEAR LINEAR
LINEAR LINEAR LINEAR LINEAR LINEAR LINEAR LINEAR LINEAR LINEAR LINEAR LINEAR LINEAR
LINEAR LINEAR LINEAR LINEAR LINEAR LINEAR LINEAR LINEAR LINEAR LINEAR LINEAR LINEAR
LINEAR LINEAR LINEAR LINEAR LINEAR LINEAR LINEAR LINEAR LINEAR LINEAR LINEAR LINEAR
LINEAR LINEAR LINEAR LINEAR LINEAR LINEAR LINEAR LINEAR LINEAR LINEAR LINEAR LINEAR
LINEAR LINEAR LINEAR LINEAR LINEAR LINEAR LINEAR LINEAR LINEAR LINEAR LINEAR LINEAR
LINEAR LINEAR LINEAR LINEAR LINEAR LINEAR LINEAR LINEAR LINEAR LINEAR LINEAR LINEAR
LINEAR LINEAR LINEAR LINEAR</Name_array>
        <technique_common>
          <accessor source="#mixamorig_Hips-Interpolations-array" count="135">
            <param type="name"/>
          </accessor>
        </technique_common>
      </source>
      <sampler id="mixamorig_Hips-Matrix-animation-transform">
        <input semantic="INPUT" source="#mixamorig_Hips-Matrix-animation-input"/>
        <input semantic="OUTPUT" source="#mixamorig_Hips-Matrix-animation-output-transform"/>
        <input semantic="INTERPOLATION" source="#mixamorig_Hips-Interpolations"/>
      </sampler>
      <channel source="#mixamorig_Hips-Matrix-animation-transform" target="mixamorig_Hips/matrix"/>
    </animation>
    <animation id="mixamorig_Spine-anim" name="mixamorig_Spine">
      <source id="mixamorig_Spine-Matrix-animation-input">
        <float_array id="mixamorig_Spine-Matrix-animation-input-array" count="135">

0.000000 0.033333 0.066667 0.100000 0.133333 0.166667 0.200000 0.233333 0.266667 0.300000 0.333333 0.366667 0.400000 0.433333 0.466667 0.500000
0.533333 0.566667 0.600000 0.633333 0.666667 0.700000 0.733333 0.766667 0.800000 0.833333 0.866667 0.900000 0.933333 0.966667 1.000000 1.033333
1.066667 1.100000 1.133333 1.166667 1.200000 1.233333 1.266667 1.300000 1.333333 1.366667 1.400000 1.433333 1.466667 1.500000 1.533333 1.566667
1.600000 1.633333 1.666667 1.700000 1.733333 1.766667 1.800000 1.833333 1.866667 1.900000 1.933333 1.966667 2.000000 2.033333 2.066667 2.100000
2.133333 2.166667 2.200000 2.233333 2.266667 2.300000 2.333333 2.366667 2.400000 2.433333 2.466667 2.500000 2.533333 2.566667 2.600000 2.633333
2.666667 2.700000 2.733333 2.766667 2.800000 2.833333 2.866667 2.900000 2.933333 2.966667 3.000000 3.033333 3.066667 3.100000 3.133333 3.166667
3.200000 3.233333 3.266667 3.300000 3.333333 3.366667 3.400000 3.433333 3.466667 3.500000 3.533333 3.566667 3.600000 3.633333 3.666667 3.700000
3.733333 3.766667 3.800000 3.833333 3.866667 3.900000 3.933333 3.966667 4.000000 4.033333 4.066667 4.100000 4.133333 4.166667 4.200000 4.233333
4.266667 4.300000 4.333333 4.366667 4.400000 4.433333 4.466667</float_array>
        <technique_common>
          <accessor source="#mixamorig_Spine-Matrix-animation-input-array" count="135">
            <param name="TIME" type="float"/>
          </accessor>
        </technique_common>
      </source>
      <source id="mixamorig_Spine-Matrix-animation-output-transform">
        <float_array id="mixamorig_Spine-Matrix-animation-output-transform-array" count="2160">

0.993946 -0.093679 -0.057411 0.000000 0.091639 0.995097 -0.037209 13.784800 0.060615 0.031723 0.997657 0.064400 0.000000 0.000000 0.000000 1.000000
0.992921 -0.097417 -0.067956 0.000000 0.095799 0.995043 -0.026693 13.784800 0.070219 0.019994 0.997331 0.064400 0.000000 0.000000 0.000000 1.000000
0.991986 -0.099182 -0.078273 0.000000 0.097463 0.994912 -0.025504 13.784800 0.080404 0.017670 0.996606 0.064400 0.000000 0.000000 0.000000 1.000000
0.992754 -0.086992 -0.082895 0.000000 0.084276 0.995802 -0.035721 13.784800 0.085655 0.028476 0.995918 0.064400 0.000000 0.000000 0.000000 1.000000
0.994933 -0.068060 -0.074006 0.000000 0.064600 0.996747 -0.048189 13.784800 0.077045 0.043164 0.996093 0.064400 0.000000 0.000000 0.000000 1.000000
0.997478 -0.037384 -0.060341 -0.000000 0.034047 0.997883 -0.055409 13.784800 0.062285 0.053215 0.996639 0.064400 0.000000 0.000000 0.000000 1.000000
0.998722 -0.005426 -0.050250 0.000000 0.002694 0.998523 -0.054270 13.784800 0.050471 0.054065 0.997261 0.064400 0.000000 0.000000 0.000000 1.000000
0.999003 0.015038 -0.042035 0.000000 -0.017127 0.998614 -0.049774 13.784800 0.041228 0.050444 0.997876 0.064400 0.000000 0.000000 0.000000 1.000000
0.999347 0.024315 -0.026716 0.000000 -0.025491 0.998679 -0.044608 13.784800 0.025596 0.045260 0.998647 0.064400 0.000000 0.000000 0.000000 1.000000
0.999772 0.021220 -0.002462 -0.000000 -0.021299 0.999028 -0.038586 13.784800 0.001641 0.038630 0.999252 0.064400 0.000000 0.000000 0.000000 1.000000
0.999684 0.017365 0.018200 -0.000000 -0.016758 0.999314 -0.033037 13.784800 -0.018761 0.032722 0.999288 0.064400 0.000000 0.000000 0.000000 1.000000
0.999388 0.023438 0.025959 0.000000 -0.022668 0.999306 -0.029569 13.784800 -0.026634 0.028962 0.999226 0.064400 0.000000 0.000000 0.000000 1.000000
0.999224 0.030409 0.025021 0.000000 -0.029729 0.999190 -0.027109 13.784800 -0.025825 0.026344 0.999319 0.064400 0.000000 0.000000 0.000000 1.000000
0.999338 0.026903 0.024492 0.000000 -0.026271 0.999323 -0.025755 13.784800 -0.025168 0.025094 0.999368 0.064400 0.000000 0.000000 0.000000 1.000000
0.999475 0.018941 0.026279 0.000000 -0.018294 0.999529 -0.024630 13.784800 -0.026733 0.024136 0.999351 0.064400 0.000000 0.000000 0.000000 1.000000
0.999510 0.014152 0.027909 0.000000 -0.013527 0.999656 -0.022462 13.784800 -0.028217 0.022073 0.999358 0.064400 0.000000 0.000000 0.000000 1.000000
0.999530 0.006721 0.029898 0.000000 -0.006048 0.999727 -0.022559 13.784800 -0.030042 0.022367 0.999298 0.064400 0.000000 0.000000 0.000000 1.000000
0.999459 0.003189 0.032723 0.000000 -0.002253 0.999588 -0.028617 13.784800 -0.032801 0.028528 0.999055 0.064400 0.000000 0.000000 0.000000 1.000000
0.999294 0.014690 0.034577 0.000000 -0.013304 0.999113 -0.039964 13.784800 -0.035134 0.039476 0.998603 0.064400 0.000000 0.000000 0.000000 1.000000
0.998773 0.036766 0.033163 0.000000 -0.034979 0.997984 -0.052954 13.784800 -0.035043 0.051729 0.998046 0.064400 0.000000 0.000000 0.000000 1.000000
0.998065 0.053884 0.031028 -0.000000 -0.051760 0.996501 -0.065628 13.784800 -0.034456 0.063895 0.997362 0.064400 0.000000 0.000000 0.000000 1.000000
0.997257 0.067035 0.031378 0.000000 -0.064370 0.994764 -0.079381 13.784800 -0.036535 0.077143 0.996350 0.064400 0.000000 0.000000 0.000000 1.000000
0.995761 0.084653 0.035965 0.000000 -0.080982 0.992319 -0.093517 13.784800 -0.043605 0.090208 0.994968 0.064400 0.000000 0.000000 0.000000 1.000000
0.993568 0.104273 0.044164 0.000000 -0.099376 0.989868 -0.101423 13.784800 -0.054293 0.096382 0.993863 0.064400 0.000000 0.000000 0.000000 1.000000
0.991210 0.120749 0.054058 0.000000 -0.115039 0.988460 -0.098557 13.784800 -0.065335 0.091472 0.993662 0.064400 0.000000 0.000000 0.000000 1.000000
0.989440 0.128998 0.066085 -0.000000 -0.123050 0.988551 -0.087322 13.784800 -0.076592 0.078268 0.993986 0.064400 0.000000 0.000000 0.000000 1.000000
0.988260 0.129839 0.080521 -0.000000 -0.124023 0.989556 -0.073464 13.784800 -0.089219 0.062615 0.994042 0.064400 0.000000 0.000000 0.000000 1.000000
0.987715 0.122671 0.096799 0.000000 -0.117077 0.991216 -0.061513 13.784800 -0.103495 0.049424 0.993401 0.064400 0.000000 0.000000 0.000000 1.000000
0.987428 0.113439 0.110078 0.000000 -0.108125 0.992717 -0.053120 13.784800 -0.115302 0.040550 0.992502 0.064400 0.000000 0.000000 0.000000 1.000000
0.987587 0.106192 0.115734 0.000000 -0.101308 0.993730 -0.047311 13.784800 -0.120032 0.034999 0.992153 0.064400 0.000000 0.000000 0.000000 1.000000
0.988110 0.103022 0.114130 0.000000 -0.098639 0.994175 -0.043422 13.784800 -0.117938 0.031648 0.992516 0.064400 0.000000 0.000000 0.000000 1.000000
0.988980 0.102126 0.107189 -0.000000 -0.098213 0.994313 -0.041184 13.784800 -0.110786 0.030203 0.993385 0.064400 0.000000 0.000000 0.000000 1.000000
0.989658 0.108289 0.094075 0.000000 -0.104837 0.993648 -0.040912 13.784800 -0.097908 0.030626 0.994724 0.064400 0.000000 0.000000 0.000000 1.000000
0.990267 0.115456 0.077725 0.000000 -0.112547 0.992807 -0.040836 13.784800 -0.081881 0.031690 0.996138 0.064400 0.000000 0.000000 0.000000 1.000000
0.989785 0.125703 0.067261 0.000000 -0.123047 0.991499 -0.042300 13.784800 -0.072007 0.033592 0.996838 0.064400 0.000000 0.000000 0.000000 1.000000
0.988450 0.131863 0.074688 -0.000000 -0.128531 0.990553 -0.047800 13.784800 -0.080285 0.037648 0.996061 0.064400 0.000000 0.000000 0.000000 1.000000
0.986977 0.129781 0.095045 -0.000000 -0.124836 0.990580 -0.056278 13.784800 -0.101454 0.043681 0.993881 0.064400 0.000000 0.000000 0.000000 1.000000
0.986651 0.120856 0.109153 0.000000 -0.114068 0.991248 -0.066453 13.784800 -0.116229 0.053115 0.991801 0.064400 0.000000 0.000000 0.000000 1.000000
0.989048 0.102193 0.106497 -0.000000 -0.094547 0.992726 -0.074541 13.784800 -0.113339 0.063655 0.991515 0.064400 0.000000 0.000000 0.000000 1.000000
0.992497 0.080734 0.091826 0.000000 -0.073891 0.994394 -0.075631 13.784800 -0.097417 0.068278 0.992899 0.064400 0.000000 0.000000 0.000000 1.000000
0.995324 0.063769 0.072547 -0.000000 -0.058914 0.995999 -0.067194 13.784800 -0.076542 0.062606 0.995099 0.064400 0.000000 0.000000 0.000000 1.000000
0.997146 0.054242 0.052511 0.000000 -0.051541 0.997342 -0.051494 13.784800 -0.055164 0.048640 0.997292 0.064400 0.000000 0.000000 0.000000 1.000000
0.998214 0.050079 0.032579 0.000000 -0.048879 0.998133 -0.036635 13.784800 -0.034353 0.034978 0.998797 0.064400 0.000000 0.000000 0.000000 1.000000
0.998894 0.044639 0.014790 0.000000 -0.044216 0.998636 -0.027766 13.784800 -0.016009 0.027081 0.999505 0.064400 0.000000 0.000000 0.000000 1.000000
0.999173 0.040621 0.001623 -0.000000 -0.040572 0.998899 -0.023553 13.784800 -0.002578 0.023467 0.999721 0.064400 0.000000 0.000000 0.000000 1.000000
0.999308 0.036799 -0.005499 0.000000 -0.036904 0.999111 -0.020386 13.784800 0.004744 0.020575 0.999777 0.064400 0.000000 0.000000 0.000000 1.000000
0.999478 0.031417 -0.007516 -0.000000 -0.031545 0.999347 -0.017620 13.784800 0.006958 0.017848 0.999817 0.064400 0.000000 0.000000 0.000000 1.000000
0.999415 0.033043 -0.008875 -0.000000 -0.033189 0.999307 -0.016882 13.784800 0.008311 0.017167 0.999818 0.064400 0.000000 0.000000 0.000000 1.000000
0.999228 0.037721 -0.010976 0.000000 -0.037930 0.999090 -0.019530 13.784800 0.010230 0.019931 0.999749 0.064400 0.000000 0.000000 0.000000 1.000000
0.999057 0.041104 -0.014018 0.000000 -0.041468 0.998781 -0.026785 13.784800 0.012900 0.027341 0.999543 0.064400 0.000000 0.000000 0.000000 1.000000
0.998803 0.045072 -0.018977 0.000000 -0.045794 0.998169 -0.039515 13.784800 0.017161 0.040337 0.999039 0.064400 0.000000 0.000000 0.000000 1.000000
0.998092 0.055007 -0.028035 -0.000000 -0.056523 0.996800 -0.056524 13.784800 0.024836 0.058001 0.998008 0.064400 0.000000 0.000000 0.000000 1.000000
0.997333 0.061799 -0.038823 0.000000 -0.064480 0.995312 -0.072082 13.784800 0.034187 0.074393 0.996643 0.064400 0.000000 0.000000 0.000000 1.000000
0.997617 0.051396 -0.046033 0.000000 -0.054957 0.995298 -0.079764 13.784800 0.041717 0.082103 0.995750 0.064400 0.000000 0.000000 0.000000 1.000000
0.998522 0.023982 -0.048766 0.000000 -0.027814 0.996447 -0.079494 13.784800 0.046686 0.080732 0.995642 0.064400 0.000000 0.000000 0.000000 1.000000
0.998835 -0.011210 -0.046940 0.000000 0.007591 0.997034 -0.076591 13.784800 0.047659 0.076145 0.995957 0.064400 0.000000 0.000000 0.000000 1.000000
0.998023 -0.043663 -0.045216 0.000000 0.040186 0.996363 -0.075140 13.784800 0.048332 0.073174 0.996147 0.064400 0.000000 0.000000 0.000000 1.000000
0.996454 -0.070380 -0.046106 0.000000 0.066823 0.994971 -0.074612 13.784800 0.051126 0.071266 0.996146 0.064400 0.000000 0.000000 0.000000 1.000000
0.994677 -0.091287 -0.047789 -0.000000 0.087759 0.993584 -0.071334 13.784800 0.053994 0.066760 0.996307 0.064400 0.000000 0.000000 0.000000 1.000000
0.992702 -0.110833 -0.047536 0.000000 0.107767 0.992189 -0.062826 13.784800 0.054128 0.057245 0.996892 0.064400 0.000000 0.000000 0.000000 1.000000
0.991206 -0.124303 -0.045375 0.000000 0.121985 0.991235 -0.050717 13.784800 0.051281 0.044736 0.997682 0.064400 0.000000 0.000000 0.000000 1.000000
0.990653 -0.130456 -0.039846 0.000000 0.129067 0.990995 -0.035653 13.784800 0.044139 0.030177 0.998570 0.064400 0.000000 0.000000 0.000000 1.000000
0.990831 -0.131626 -0.030483 0.000000 0.130982 0.991135 -0.022255 13.784800 0.033142 0.018058 0.999287 0.064400 0.000000 0.000000 0.000000 1.000000
0.993375 -0.112698 -0.022468 0.000000 0.112361 0.993543 -0.015742 13.784800 0.024097 0.013113 0.999624 0.064400 0.000000 0.000000 0.000000 1.000000
0.995292 -0.095345 -0.017423 0.000000 0.095042 0.995319 -0.017511 13.784800 0.019011 0.015772 0.999695 0.064400 0.000000 0.000000 0.000000 1.000000
0.995704 -0.090697 -0.018634 0.000000 0.090267 0.995657 -0.022770 13.784800 0.020619 0.020991 0.999567 0.064400 0.000000 0.000000 0.000000 1.000000
0.995351 -0.092807 -0.025761 0.000000 0.092064 0.995339 -0.028700 13.784800 0.028304 0.026195 0.999256 0.064400 0.000000 0.000000 0.000000 1.000000
0.995590 -0.086739 -0.035745 0.000000 0.085487 0.995718 -0.035195 13.784800 0.038644 0.031984 0.998741 0.064400 0.000000 0.000000 0.000000 1.000000
0.995072 -0.089365 -0.042971 0.000000 0.087531 0.995241 -0.042832 13.784800 0.046594 0.038859 0.998158 0.064400 0.000000 0.000000 0.000000 1.000000
0.995308 -0.082600 -0.050386 0.000000 0.080074 0.995521 -0.050258 13.784800 0.054312 0.045988 0.997464 0.064400 0.000000 0.000000 0.000000 1.000000
0.995562 -0.072096 -0.060480 0.000000 0.068631 0.995982 -0.057532 13.784800 0.064385 0.053126 0.996510 0.064400 0.000000 0.000000 0.000000 1.000000
0.996220 -0.054202 -0.067878 0.000000 0.050017 0.996828 -0.061908 13.784800 0.071019 0.058279 0.995771 0.064400 0.000000 0.000000 0.000000 1.000000
0.997121 -0.030926 -0.069236 0.000000 0.026735 0.997800 -0.060664 13.784800 0.070960 0.058638 0.995754 0.064400 0.000000 0.000000 0.000000 1.000000
0.997882 -0.011318 -0.064055 0.000000 0.007851 0.998503 -0.054122 13.784800 0.064572 0.053504 0.996478 0.064400 0.000000 0.000000 0.000000 1.000000
0.998704 -0.003144 -0.050789 0.000000 0.000827 0.998960 -0.045579 13.784800 0.050879 0.045478 0.997669 0.064400 0.000000 0.000000 0.000000 1.000000
0.999573 -0.004167 -0.028925 0.000000 0.003114 0.999334 -0.036360 13.784800 0.029057 0.036254 0.998920 0.064400 0.000000 0.000000 0.000000 1.000000
0.999965 -0.008402 -0.000319 0.000000 0.008391 0.999620 -0.026270 13.784800 0.000540 0.026266 0.999655 0.064400 0.000000 0.000000 0.000000 1.000000
0.999407 -0.019640 0.028279 0.000000 0.020133 0.999648 -0.017256 13.784800 -0.027930 0.017815 0.999451 0.064400 0.000000 0.000000 0.000000 1.000000
0.998635 -0.027264 0.044557 0.000000 0.027834 0.999538 -0.012215 13.784800 -0.044204 0.013439 0.998932 0.064400 0.000000 0.000000 0.000000 1.000000
0.998683 -0.023747 0.045484 -0.000000 0.024320 0.999631 -0.012078 13.784800 -0.045180 0.013168 0.998892 0.064400 0.000000 0.000000 0.000000 1.000000
0.998956 -0.022405 0.039804 -0.000000 0.022985 0.999635 -0.014190 13.784800 -0.039472 0.015090 0.999107 0.064400 0.000000 0.000000 0.000000 1.000000
0.999021 -0.026293 0.035564 0.000000 0.026869 0.999514 -0.015805 13.784800 -0.035131 0.016745 0.999242 0.064400 0.000000 0.000000 0.000000 1.000000
0.999060 -0.026257 0.034496 0.000000 0.026837 0.999504 -0.016464 13.784800 -0.034047 0.017374 0.999269 0.064400 0.000000 0.000000 0.000000 1.000000
0.998971 -0.026780 0.036591 0.000000 0.027477 0.999448 -0.018684 13.784800 -0.036071 0.019671 0.999156 0.064400 0.000000 0.000000 0.000000 1.000000
0.999012 -0.019723 0.039826 0.000000 0.020817 0.999412 -0.027244 13.784800 -0.039265 0.028047 0.998835 0.064400 0.000000 0.000000 0.000000 1.000000
0.999140 0.002047 0.041406 0.000000 -0.000275 0.999085 -0.042771 13.784800 -0.041456 0.042723 0.998226 0.064400 0.000000 0.000000 0.000000 1.000000
0.998611 0.031350 0.042352 0.000000 -0.028775 0.997778 -0.060099 13.784800 -0.044142 0.058797 0.997294 0.064400 0.000000 0.000000 0.000000 1.000000
0.997393 0.057151 0.044051 0.000000 -0.053833 0.995867 -0.073148 13.784800 -0.048050 0.070586 0.996348 0.064400 0.000000 0.000000 0.000000 1.000000
0.995806 0.077606 0.048447 0.000000 -0.073573 0.994067 -0.080114 13.784800 -0.054377 0.076214 0.995608 0.064400 0.000000 0.000000 0.000000 1.000000
0.993391 0.099837 0.056625 0.000000 -0.094943 0.991985 -0.083377 13.784800 -0.064495 0.077449 0.994908 0.064400 0.000000 0.000000 0.000000 1.000000
0.990702 0.119228 0.065528 0.000000 -0.113667 0.990055 -0.082896 13.784800 -0.074760 0.074677 0.994401 0.064400 0.000000 0.000000 0.000000 1.000000
0.988909 0.129601 0.072538 -0.000000 -0.123929 0.989229 -0.077894 13.784800 -0.081852 0.068041 0.994319 0.064400 0.000000 0.000000 0.000000 1.000000
